5
14
17
18
21
24
25
27
29
30
31
33
34
35
38
40
41
42
47
52
54
59
60
63
64
65
67
71
76
84
87
91
97
99
100
103
107
109
115
116
117
118
119
124
126
127
135
136
137
138
139
140
142
143
146
149
150
151
155
157
159
164
169
172
174
186
187
189
190
191
196
197
199
200
201
204
205
206
209
210
213
214
215
218
219
220
224
229
233
244
245
248
256
259
260
262
263
266
268
270
271
274
275
277
278
282
283
284
286
287
288
289
290
291
292
299
300
302
304
306
308
309
310
311
312
315
316
318
319
320
324
326
328
329
330
336
340
345
352
353
354
359
361
362
363
364
365
367
371
372
378
381
385
387
389
391
395
402
403
404
407
410
411
412
414
419
420
423
424
425
430
432
433
434
435
436
437
441
444
446
447
452
453
455
457
458
460
462
466
468
473
475
479
481
484
485
486
487
488
493
494
496
499
501
502
504
505
507
508
509
515
516
519
520
521
526
528
529
531
534
536
540
541
543
544
545
547
548
551
556
561
566
567
568
569
570
572
574
575
582
585
587
588
589
590
591
594
595
598
600
602
605
606
607
609
612
614
616
617
619
620
624
625
628
631
632
634
637
638
639
139931.09432271408
