240 80 640
509 172
426 652
101 973
882 239
479 623
814 90
153 401
910 287
493 762
568 80
619 541
971 786
827 821
886 437
370 79
314 367
151 729
600 275
803 996
746 866
966 92
993 249
102 15
266 603
92 492
896 951
719 41
182 709
828 294
961 196
265 19
778 81
477 219
130 213
344 980
898 698
774 89
149 686
569 324
911 550
772 57
90 18
129 936
452 229
787 684
636 192
542 359
211 188
263 61
617 672
85 659
999 197
941 101
349 861
369 379
740 377
940 519
731 768
550 118
457 782
750 884
986 326
893 978
499 159
415 742
113 247
681 553
272 877
936 79
443 949
304 229
95 853
161 906
530 320
50 433
103 970
863 976
220 660
778 615
872 885
174 15
383 565
131 500
300 33
534 330
308 396
9 262
349 288
362 858
386 698
59 1
781 489
316 529
743 902
618 726
735 629
595 108
490 413
592 924
702 782
319 48
920 414
321 947
523 253
135 928
515 863
429 845
530 301
132 250
209 727
76 208
366 737
972 890
727 984
382 525
485 135
813 313
977 526
382 729
410 553
137 713
670 658
781 481
17 278
437 700
806 384
660 378
721 535
146 362
71 701
598 673
198 256
692 741
318 182
422 977
490 98
115 361
502 328
524 707
92 614
526 801
957 409
681 989
906 577
340 138
883 974
462 734
925 867
588 570
829 434
944 881
908 886
452 753
366 479
939 680
365 358
724 893
537 492
764 274
549 31
117 704
128 965
310 557
525 329
970 44
639 576
120 396
652 193
25 543
376 579
712 874
843 75
263 560
644 568
317 981
793 124
866 193
163 122
160 447
821 744
686 534
216 400
101 54
98 11
742 317
243 944
63 593
674 953
913 589
463 278
128 136
78 876
972 566
490 277
858 974
245 752
862 956
190 344
956 716
373 525
949 629
188 238
372 153
674 307
785 343
790 770
960 320
828 685
666 48
325 475
446 661
591 267
777 796
328 839
575 693
631 228
63 702
893 836
939 895
325 26
381 211
7 721
482 491
627 670
316 95
154 908
502 589
103 663
412 593
747 614
892 645
374 763
353 815
43 140
452 12
171 757
341 483
364 61
691 485
631 701
146 117
464 91
172 732
30 977
572 516
550 570
554 995
224 307
862 931
266 281
16 163
292 560
226 35
901 122
555 505
225 578
155 177
53 819
653 996
221 581
145 731
536 602
275 984
255 223
449 697
827 188
774 162
795 473
929 769
234 958
322 282
840 856
797 894
84 791
823 36
600 55
296 747
613 52
915 110
770 768
173 605
55 610
793 396
448 999
352 90
255 820
672 46
109 261
327 548
713 161
523 385
898 694
740 165
304 73
635 706
197 666
578 384
436 921
808 623
728 667
956 784
535 383
88 304
569 312
136 646
824 1
419 964
746 159
708 247
307 894
207 399
114 759
9 873
370 866
925 832
398 935
309 685
93 111
652 911
131 411
0 26
0 48
0 72
0 174
0 192
0 193
0 208
0 258
1 27
1 299
1 306
2 45
2 64
2 76
2 86
2 110
3 75
3 152
3 163
3 179
3 231
3 239
4 14
4 28
4 160
4 238
4 306
4 308
5 28
5 65
5 120
5 129
6 16
6 75
6 278
6 317
7 94
7 182
8 27
8 112
8 132
8 250
8 260
9 48
9 263
9 269
10 283
10 286
10 310
11 69
11 83
11 84
11 175
11 193
11 268
11 317
12 35
12 56
12 107
12 112
13 120
13 270
13 290
14 52
14 212
14 214
14 309
15 43
15 116
15 131
15 284
16 64
16 101
16 202
17 38
17 71
17 160
17 261
18 72
18 86
18 99
18 246
18 308
19 28
19 226
19 231
20 178
20 270
21 53
21 126
21 148
22 66
22 156
22 185
23 121
23 249
24 134
24 202
24 216
24 238
25 111
25 266
26 33
26 37
26 79
26 292
27 48
27 149
28 35
28 49
28 90
28 159
28 208
28 229
28 247
28 253
29 36
29 45
29 149
29 262
30 38
30 51
30 56
30 66
30 81
30 257
31 72
31 121
31 194
31 235
32 136
32 174
33 51
33 112
34 109
35 41
35 121
35 135
35 170
35 207
35 208
35 220
35 239
35 291
35 298
35 299
36 136
36 142
36 164
36 282
37 60
37 83
37 113
37 142
37 266
38 224
39 67
39 173
40 71
40 73
40 232
40 240
40 308
41 88
41 225
41 228
41 234
41 282
42 50
42 83
42 125
42 267
42 314
43 199
43 207
43 218
43 286
44 155
44 204
45 150
45 203
45 208
46 240
46 266
46 275
46 297
47 106
47 110
47 198
47 293
48 225
48 315
49 181
49 183
49 288
49 311
50 58
50 161
50 232
50 255
50 281
50 307
51 75
51 102
51 130
51 179
51 186
51 285
51 298
52 133
52 141
52 222
53 293
54 184
55 210
55 304
56 138
56 198
56 227
56 259
56 271
57 186
57 267
58 89
58 142
58 163
58 190
58 216
59 179
59 196
60 197
60 218
61 75
61 269
62 121
62 135
62 207
62 281
63 81
63 114
63 206
63 257
63 306
64 163
64 185
64 251
65 95
65 127
65 252
65 316
66 106
66 107
67 152
68 80
68 155
68 158
68 164
68 300
69 96
69 133
69 201
69 257
69 273
69 310
70 93
70 283
70 315
71 280
71 289
72 179
72 195
72 209
73 200
73 249
74 208
75 279
77 211
77 266
77 305
78 172
78 261
79 247
79 299
80 105
80 220
81 103
82 133
82 135
82 140
82 233
82 259
83 122
83 175
83 182
83 183
83 187
84 302
85 114
85 116
85 171
86 204
86 261
87 206
87 217
87 231
89 125
89 154
90 211
90 220
90 248
90 304
91 120
91 151
91 207
91 270
91 287
91 289
92 221
93 107
93 110
93 123
94 269
94 291
95 205
95 235
95 237
95 297
96 313
97 99
97 300
98 129
98 312
99 255
100 122
100 250
101 160
101 187
101 239
102 150
102 168
102 174
102 176
102 282
103 177
103 289
104 131
104 153
104 192
104 241
105 190
105 204
105 208
106 192
106 202
106 262
106 294
108 128
108 156
108 237
108 279
109 143
109 189
109 204
110 183
110 208
111 263
112 130
112 198
113 227
114 122
115 123
115 213
115 235
115 251
115 301
116 201
116 238
116 243
116 249
116 311
116 316
116 318
117 169
118 149
118 160
118 200
118 210
118 222
118 256
118 292
119 176
119 224
120 162
120 171
120 219
120 246
121 296
122 129
123 160
124 145
124 193
124 199
124 213
124 233
125 165
125 270
126 223
127 150
127 279
127 316
128 143
128 216
128 276
128 311
129 181
129 308
130 184
130 216
130 297
130 303
131 175
131 250
132 172
132 184
132 284
133 236
133 247
133 277
134 139
134 182
134 188
134 289
134 294
135 254
135 275
135 291
136 146
136 244
136 249
137 275
138 223
139 149
140 167
140 199
140 226
140 232
141 315
142 244
142 250
142 310
143 291
143 295
143 302
143 310
144 267
145 168
145 179
145 232
146 215
146 311
147 198
148 175
148 236
149 174
149 285
150 189
150 218
150 278
151 190
152 201
153 195
153 239
153 307
154 268
154 315
155 191
155 201
155 285
156 174
156 189
157 164
159 181
159 186
162 224
162 245
162 262
162 301
162 310
163 164
163 192
163 229
164 221
164 283
165 224
165 241
165 256
166 310
167 187
167 294
168 198
169 210
169 267
169 302
170 187
170 302
172 231
173 266
174 195
175 197
175 235
175 261
176 233
176 234
176 317
177 181
177 258
178 189
178 260
178 274
179 215
179 222
179 274
179 311
179 317
180 261
181 182
182 258
183 283
184 238
184 264
184 274
186 298
186 306
187 260
188 297
189 207
189 210
189 227
190 197
190 199
190 244
191 202
191 272
192 278
192 299
193 207
193 226
193 305
194 206
195 204
195 298
197 205
197 284
197 296
198 318
199 293
199 312
200 229
201 228
201 314
203 274
204 256
205 237
205 317
207 248
208 214
208 266
208 293
211 230
212 216
212 283
213 256
213 277
215 254
216 242
218 259
218 262
219 230
219 273
219 277
221 302
224 309
225 269
226 294
227 239
228 285
230 235
231 287
232 235
233 256
235 285
235 312
235 314
236 270
238 282
241 304
243 267
243 290
245 278
245 286
246 257
246 309
247 255
249 258
250 298
252 277
252 294
254 269
255 314
257 296
258 306
260 276
261 265
261 294
263 305
264 266
265 268
265 303
269 295
271 296
272 301
275 283
276 291
276 318
278 300
282 299
283 308
284 310
285 304
287 308
287 319
288 298
288 319
289 303
289 310
290 291
292 317
293 318
296 299
303 305
